1 6369 1392574258 1392581555 Weak_Th P4_px 3099.76 297.351 367.226 3039.45 396.025 544.217 3156.07 409.044 554.221
1 6390 1454437108 1454451009 Weak_Th P4_px 531.454 10.0826 10.4559 544.242 15.019 15.8346 518.631 12.7563 13.3539
1 6621 1458251316 1458259822 Weak_Th P4_px 2643.22 386.292 538.758 3183.68 694.43 1215.77 2278.68 397.858 606.394
1 6822 1459882960 1459889616 Weak_Th P4_px 1539.38 109.875 127.955 1424.91 160.182 203.33 1603.89 144.944 176.35
1 7053 1461937800 1461942331 Weak_Th P4_px 1984.13 150.303 175.342 2072.88 216.979 272.107 1904.98 199.516 251.019
1 7074 1462378414 1462385492 Weak_Th P4_px 2554.68 169.28 194.977 2587.79 228.521 277.065 2560.23 246.091 303.949
1 7124 1463526860 1463534826 Weak_Th P4_px 2453.79 140.973 158.507 2402.45 180.038 210.952 2540.88 217.501 258.216
1 7125 1463534840 1463542227 Weak_Th P4_px 2629.8 157.665 179.299 2729.64 223.417 265.743 2538.65 215.954 256.801
1 7126 1463542239 1463549681 Weak_Th P4_px 2577.74 163.419 186.791 2430.8 195.433 231.378 2805.08 273.778 336.951
1 7127 1463549690 1463556767 Weak_Th P4_px 2852.68 195.943 226.797 3015.24 283.61 349.96 2699.3 256.419 315.389
1 7128 1463556772 1463564255 Weak_Th P4_px 2295.64 126.493 141.477 2183.65 150.469 174.023 2436.88 208.23 254.471
1 7129 1463564262 1463571464 Weak_Th P4_px 2691.61 167.697 191.32 2823.32 236.844 282.783 2526.84 222.258 267.8
1 7130 1463571469 1463580834 Weak_Th P4_px 2344.96 117.077 129.991 2433.88 166.731 193.089 2244.06 159.377 184.106
1 7131 1463580853 1463589378 Weak_Th P4_px 2621.96 156.317 173.517 2612.75 199.269 234.864 2646.42 234.59 283.286
1 7146 1463860892 1463869156 Weak_Ra P4_px 2220.8 204.979 248.137 2316.16 329.267 455.522 2149.04 240.952 305.042
1 7147 1463869179 1463876423 Weak_Ra P4_px 2132.78 211.665 263.217 2108.08 298.063 407.426 2097.67 266.21 356.867
1 7148 1463876429 1463883633 Weak_Ra P4_px 2751.19 316.576 413.342 2137.93 308.38 422.245 3168.85 510.128 753.183
1 7149 1463883638 1463890687 Weak_Ra P4_px 2227.22 215.755 265.334 2097.34 272.801 368.024 2295.56 295.553 394.392
1 7154 1465260704 1465267954 Weak_Th P4_px 400.778 4.47643 4.57263 415.095 6.26724 6.43636 381.608 5.79213 5.95843
1 7155 1465267961 1465275184 Weak_Th P4_px 428.618 5.42612 5.58833 453.765 8.09994 8.38232 591.892 355.05 0.850889
1 7156 1465275191 1465282401 Weak_Th P4_px 461.507 6.05911 6.20355 487.811 8.67528 8.99849 426.723 0 0
1 7157 1465282409 1465289616 Weak_Th P4_px 488.625 6.80074 6.97815 510.634 9.80708 10.1888 460.714 8.07595 8.37941
1 7158 1465289621 1465297034 Weak_Th P4_px 500.305 6.72394 6.95378 512.333 9.04826 9.35039 486.561 9.11157 9.4342
1 7159 1465297043 1465304305 Weak_Th P4_px 552.597 8.26091 8.55062 574.874 11.8106 12.2619 527.548 10.8048 11.2282
1 7160 1465304309 1465311569 Weak_Th P4_px 565.718 8.58821 8.74568 592.192 12.04 12.5107 527.142 11.2079 11.518
1 7161 1465311580 1465319578 Weak_Th P4_px 611.865 9.53168 9.70653 634.942 14.0371 14.6494 588.82 877.029 1.68714
1 7162 1465319590 1465328807 Weak_Th P4_px 653.216 9.94215 10.3795 685.533 14.6224 15.239 618.911 12.6209 13.1191
1 7163 1465328815 1465337326 Weak_Th P4_px 705.189 12.4276 12.8411 754.784 18.9005 19.4984 656.717 15.217 15.9328
1 7164 1465337332 1465345847 Weak_Th P4_px 749.559 13.5584 14.1855 778.225 19.4425 20.4838 711.693 17.3547 18.2035
1 7165 1465345854 1465354300 Weak_Th P4_px 772.004 14.7206 15.2681 814.99 21.3974 22.5152 713.858 18.0603 18.7793
1 7166 1465354305 1465361701 Weak_Th P4_px 828.907 18.2058 18.9403 876.696 27.9458 29.7839 785.939 22.271 23.5063
1 7167 1465361706 1465368913 Weak_Th P4_px 886.642 20.6715 21.5535 869.633 26.6023 28.2978 916.241 31.3676 33.8582
1 7168 1465368918 1465376121 Weak_Th P4_px 894.59 22.0506 23.1643 935.085 32.1295 34.3012 853.53 28.8605 30.6534
1 7169 1465376126 1465383363 Weak_Th P4_px 931.987 22.7672 23.7234 958.867 32.4582 34.6937 904.591 30.8116 32.906
1 7170 1465383367 1465391039 Weak_Th P4_px 1031.9 26.6181 28.0298 1098.76 38.7153 41.5922 960.768 34.6893 37.7525
1 7171 1465391043 1465398245 Weak_Th P4_px 1028.03 26.8062 28.6481 1032.19 34.9844 37.4213 1020.18 39.5543 42.6372
1 7172 1465398251 1465405457 Weak_Th P4_px 1081.51 31.2317 32.9755 1168.83 48.3173 52.5321 998.338 38.5623 41.4938
1 7173 1465405463 1465413624 Weak_Th P4_px 1130.26 30.4364 32.0344 1211.41 46.0028 49.5364 1039.47 37.9842 40.6976
1 7178 1465506578 1465513629 Weak_Th P4_px 1736.52 80.309 88.4574 1923.47 128.704 148.422 1547.2 94.421 107.02
1 7182 1465570277 1465579440 Weak_Th P4_px 2235.72 110.535 122.279 2252.7 153.101 176.127 2212.07 151.898 175.911
1 7186 1466017149 1466022416 Weak_Th P4_px 1378.21 58.4772 63.2094 1433.72 85.3066 96.5405 1329.03 76.792 86.2897
1 7189 1466092413 1466099532 Weak_Th P4_px 2203.73 128.577 145.177 2252.23 181.041 214.37 2172.5 176.526 209.494
1 7192 1466173904 1466180949 Weak_Th P4_px 2993.13 215.745 255.929 2974.49 301.385 376.897 3050.63 302.976 377.364
1 7199 1466437060 1466444401 Weak_Th P4_px 2862.84 197.105 226.397 3115.19 290.878 356.425 2688.14 266.017 331.448
1 7203 1466520174 1466527421 Weak_Th P4_px 3266.21 260.935 307.041 3498.36 394.221 508.019 3052.44 319.816 400.426
1 7208 1466779574 1466786654 Weak_Th P4_px 3562.52 306.935 369.554 3640.04 423.092 552.304 3463.81 411.184 535.981
1 7213 1467038733 1467045892 Weak_Th P4_px 3783.11 343.076 421.869 4224.9 567.385 771.991 3446.65 401.975 517.305
1 7220 1467300046 1467309101 Weak_Th Combined 3461.98 258.345 303.213 3617.26 373.553 466.667 3246.5 325.685 408.111
1 7224 1467386101 1467393247 Weak_Th P4_px 4119.69 397.846 491.225 4563.13 629.236 868.733 3745.16 469.62 621.006
1 7234 1467730178 1467737089 Weak_Th P4_px 3646.43 333.949 406.801 3863.12 493.157 659.313 3440.96 419.63 555.823
1 7239 1467829568 1467836843 Weak_Co P4_px 3258.61 232.937 271.09 3244.5 300.586 363.099 3378.92 367.132 466.82
1 7254 1468429022 1468436314 Weak_Th P4_px 3384.08 284.534 342.409 3589.1 426.29 549.034 3210.99 365.281 468.492
1 7258 1468599700 1468607229 Weak_Th P4_px 4356.68 449.567 560.094 4430.43 614.36 847.621 4339.29 617.477 855.28
1 7265 1468852728 1468860202 Weak_Th P4_px 3204.8 244.666 287.705 3437.79 359.169 449.128 2970.82 314.513 397.155
1 7270 1469028723 1469036324 Weak_Th P4_px 3465.85 289.6 344.965 3457.34 387.381 495.513 3475.55 403.599 521.5
1 7275 1469199329 1469206888 Weak_Th Combined 3339.42 262.592 310.983 3376.19 349.26 438.576 3374.63 387.515 500.386
1 7283 1469463272 1469470270 Weak_Th P4_px 3605.99 318.611 388.316 3598.51 431.541 568.863 3617.97 441.068 578.818
1 7290 1469722773 1469730185 Weak_Th P4_px 3195.03 248.404 293.665 3427.14 379.692 485.667 3001.39 310.52 388.923
1 7294 1469810653 1469819264 Weak_Th P4_px 3001.64 200.474 230.104 3517.12 363.191 455.011 2621.48 217.239 261.491
1 7301 1470070162 1470077636 Weak_Th P4_px 3274.85 257.736 305.344 3877.08 460.765 603.471 2696.91 258.672 317.599
1 7304 1470150500 1470158869 Weak_Th P4_px 3487.98 272.868 322.273 3442.52 354.083 441.205 3536.65 396.651 508.648
1 7312 1470408125 1470423645 Weak_Th Combined 3426.11 275.724 328.046 3589.03 390.455 497.104 3207.74 353.524 453.042
1 7321 1470677910 1470686088 Weak_Th P4_px 3936.03 352.563 426.418 4561.54 603.453 818.199 3357.37 378.159 480.936
1 7326 1470851797 1470859306 Weak_Th P4_px 4062.13 394.451 485.993 5078.7 776.042 1118.68 3313.48 381.108 492.281
1 7330 1471018585 1471026056 Weak_Th P4_px 3098.35 238.509 279.983 3293.52 333.093 416.653 2846.45 309.265 395.831
1 7340 1471281902 1471289357 Weak_Th P4_px 3134.17 236.22 277.8 3265.37 351.511 445.949 3071.99 307.63 384.169
1 7345 1471446233 1471453325 Weak_Th P4_px 3121.95 239.515 282.547 3737.37 440.101 573.259 2624.68 248.322 305.774
1 7358 1471978131 1471985406 Weak_Th P4_px 4005.81 389.555 481.773 4052.08 529.014 721.29 3890.69 513.066 694.236
1 7361 1472155303 1472162570 Weak_Th P4_px 2148.61 117.378 131.262 2182.74 153.125 177.65 2066.42 167.707 199.77
1 7390 1473185358 1473193198 Weak_Th P4_px 2722.37 182.951 211.374 2865.52 268.301 328.219 2517.53 226.705 275.053
1 7395 1473367343 1473375064 Weak_Th P4_px 2387.9 141.371 159.248 2632.88 228.288 272.592 2145.87 163.979 192.532
1 7403 1473529199 1473536930 Weak_Th P4_px 2214.78 124.613 139.94 2265.52 176.615 208.557 2171.98 166.937 197.82
1 7410 1473800896 1473807506 Weak_Th P4_px 3156.67 263.492 320.3 3712.07 477.453 642.156 2640.54 266.952 334.546
1 7416 1473973508 1473984374 Weak_Th P4_px 2932.65 183.16 208.969 2884.25 230.335 271.084 3082.5 296.7 365.485
1 7427 1474317148 1474326477 Weak_Th P4_px 2284.51 118.695 131.646 2354.65 164.179 190.946 2223.48 165.299 194.228
1 7432 1474496491 1474504357 Weak_Th P4_px 2896.52 217.106 250.441 2829.83 268.859 331.523 2952.82 324.106 413.097
1 7435 1474581325 1474589095 Weak_Th P4_px 3559.76 317.719 385.995 4125.5 549.808 746.299 2969.9 321.364 410.411
1 7442 1474904942 1474915364 Weak_Th P4_px 2692.25 161.234 182.437 2754.91 228.121 268.62 2645.29 221.934 265.146
1 7447 1474989872 1474998621 Weak_Th P4_px 2590.85 160.987 183.557 2708.7 230.896 277.435 2475.97 214.08 258.235
1 7453 1475173239 1475181345 Weak_Th P4_px 2583.38 177.621 203.934 3103.32 337.565 431.475 2196.24 182.459 216.632
1 7462 1475505927 1475514260 Weak_Th P4_px 3297.18 256.589 302.528 3392.43 355.445 451.042 3205.06 347.158 437.822
1 7465 1475592987 1475600484 Weak_Th P4_px 3316.82 273.207 322.102 3245.62 356.416 454.418 3381.31 384.765 495.606
1 7471 1475687754 1475695596 Weak_Th P4_px 3319.05 273.173 323.389 3268.42 350.402 444.696 3209.14 405.384 561.233
1 7477 1475851741 1475859647 Weak_Th P4_px 3289.17 266.657 317.163 3334.84 367.835 474.67 3171.02 344.971 439.525
1 7484 1476112526 1476120407 Weak_Th P4_px 3480.25 313.9 382.792 3325.56 386.054 503.725 2244.01 342.883 514.127
1 7487 1476200068 1476207969 Weak_Th P4_px 3694.35 332.596 402.818 3373.27 371.569 482.378 4100.65 563.155 773.849
1 7492 1476308251 1476315352 Weak_Ra P4_px 3416.73 469.055 647.043 3813.9 713.716 1151.22 3013.36 543.412 842.877
1 7493 1476315415 1476322536 Weak_Ra P4_px 3862.98 564.176 796.761 4110.76 810.268 1341.79 3641.82 706.371 1152.33
1 7494 1476322583 1476329780 Weak_Ra P4_px 2927.35 363.934 482.553 3142.94 525.102 789.497 2842.86 493.643 755.723
1 7495 1476329810 1476337014 Weak_Ra P4_px 4362.8 694.567 1019.45 5316.57 1214.43 2252.95 3465.06 660.549 1068.05
1 7496 1476337141 1476344346 Weak_Ra P4_px 4484.2 743.584 1113.77 5280.43 1248.56 2345.4 3676.34 736.479 1241.11
1 7497 1476344518 1476351721 Weak_Ra P4_px 4268.96 674.883 987.991 4816.69 1066.05 1903.6 3959.35 830.609 1417.01
1 7498 1476351888 1476359094 Weak_Ra P4_px 4250.96 701.469 1051.24 5265.46 1258.82 2420.6 3504.71 708.627 1189.28
1 7499 1476359242 1476366276 Weak_Ra P4_px 4684.95 826.556 1270.83 4289.56 879.274 1488.02 5483.57 1514.91 3335.86
1 7504 1476389713 1476396258 Weak_Co P4_px 3339.36 270.965 320.083 4298.02 580.501 792.515 2631.32 240.74 295.784
1 7518 1476737099 1476744927 Weak_Th P4_px 3509.78 313.16 379.435 3588.35 423.545 552.357 3385.46 427.399 561.968
1 7519 1476744964 1476752167 Weak_Th P4_px 3466.44 317.271 386.81 3563.1 434.003 572.952 3297.72 413.95 550.112
1 7520 1476752173 1476759375 Weak_Th P4_px 3789.97 356.788 438.574 4283.31 595.525 812.272 3280.16 379.672 493.791
1 7521 1476759381 1476766607 Weak_Th P4_px 4054.33 412.405 514.016 3957.32 525.692 701.074 4150.98 597.479 832.829
1 7522 1476766612 1476774703 Weak_Th P4_px 4946.89 567.601 734.328 4594.18 639.311 885.974 5347.7 929.523 1408.6
1 7523 1476774726 1476786313 Weak_Th P4_px 3770.47 284.016 333.703 3628.26 351.759 437.197 4011.49 452.768 579.5
1 7524 1476786321 1476794358 Weak_Th P4_px 3926.6 362.378 444.735 4195.16 552.94 745.88 3700.72 450.521 587.506
1 7525 1476794364 1476803207 Weak_Th P4_px 3413.96 285.167 341.85 3886.51 484.012 638.914 3085.54 331.504 421.816
1 7544 1477060940 1477069018 Weak_Th P4_px 3498.45 295.671 351.404 3249.97 345.244 438.367 3866.01 490.995 654.392
1 7549 1477320195 1477328055 Weak_Th P4_px 3357.14 280.853 334.962 4505.24 648.475 897.092 2598.81 243.243 295.158
1 7554 1477494530 1477502455 Weak_Th P4_px 3715.55 352.29 432.726 4251.49 581.746 797.617 3146.84 374.556 493.494
1 7560 1477672509 1477680118 Weak_Th P4_px 3762.81 368.181 456.791 4315.81 641.403 912.356 3371.14 408.151 535.486
1 7567 1477942865 1477950660 Weak_Th P4_px 6524.5 1084.66 1629.78 6975.62 1619.9 2974.74 5889 1202.61 2032.52
1 7573 1478119120 1478126956 Weak_Th P4_px 3152.61 265.342 319.222 3489.42 431.37 573.123 2845.65 301.879 385.83
1 7585 1478540161 1478548801 Weak_Th P4_px 3275.12 278.888 333.306 3244.88 379.033 488.128 3277.59 381.056 492.715
1 7590 1478729755 1478738252 Weak_Th P4_px 3542.73 313.14 379.86 3374.16 371.233 475.333 3852.02 526.85 714.997
1 7595 1478886459 1478894838 Weak_Th P4_px 3113.56 241.403 285.102 3146.77 332.501 411.447 3103.1 335.96 426.406
1 7603 1479144894 1479153381 Weak_Th P4_px 3460.88 285.835 341.487 3552.16 402.286 515.296 3369.22 381.591 489.887
1 7611 1479418875 1479426983 Weak_Th P4_px 3370.73 303.086 364.577 3407.87 409.28 536.932 3281.63 404.647 530.578
1 7620 1479745292 1479753386 Weak_Th P4_px 3471.87 340.873 425.92 3214.6 388.504 503.124 3642.08 530.216 742.229
1 7625 1479915528 1479924052 Weak_Th P4_px 3744.99 327.091 394.485 3703.65 431.469 557.365 3739.98 452.921 596.446
1 7632 1480173717 1480181918 Weak_Th P4_px 3644.52 333.845 408.09 3575.77 433.137 561.025 3756.83 490.343 662.337
1 7638 1480349812 1480358202 Weak_Th P4_px 3622.36 357.815 444.329 3527.13 455.96 614.691 3777.73 534.638 736.945
1 7639 1480358230 1480366932 Weak_Th P4_px 3747.7 346.066 418.463 3927.73 490.466 660.536 3570.23 448.372 592.542
1 7648 1480528070 1480536252 Weak_Th P4_px 3031.18 282.869 347.435 3249.06 404.427 537.337 2719.5 348.467 465.438
1 7649 1480536261 1480541425 Weak_Th P4_px 2913.69 290.993 362.532 2836.37 427.71 440.181 2999.48 410.878 562.745
1 7656 1480696251 1480707156 Weak_Th P4_px 3709.01 296.849 350.689 4525.03 554.9 733.224 3031.29 296.026 363.43
1 7662 1480956582 1480964389 Weak_Th P4_px 3993.77 398.956 496.956 4311.21 620.199 859.593 3754.69 487.747 656.387
1 7668 1481218793 1481227758 Weak_Th P4_px 2431.66 151.485 172.199 2347.3 189.007 224.438 2586.02 243.793 296.697
1 7671 1481305601 1481315323 Weak_Th P4_px 2534.97 151.098 172.52 2443.08 184.037 216.264 2669.74 245.542 298.764
1 7678 1481556498 1481564821 Weak_Th P4_px 3522.07 306.27 367.634 3537.31 411.231 536.267 2102.43 268.264 355.561
1 7683 1481741052 1481749400 Weak_Th P4_px 3398.27 281.222 335.397 3483.42 394.323 507.023 3325 378.267 486.257
1 7688 1481901448 1481909511 Weak_Th P4_px 3158.9 256.126 301.931 3339.5 385.03 497.832 3028.84 323.723 408.536
1 7693 1482164989 1482173394 Weak_Th P4_px 3073.89 234.803 279.694 3277.66 366.688 467.737 2885.28 287.458 357.502
1 7700 1482340808 1482349253 Weak_Th P4_px 4135.65 416.577 519.645 5006.45 782.731 1131.9 3392.8 400.722 523.744
1 7705 1482507085 1482515512 Weak_Th P4_px 3175.83 234.306 272.86 3200.21 324.841 404.548 3154.02 315.162 395.964
1 7712 1482851780 1482860214 Weak_Th P4_px 3320.91 270.256 325.158 2959.21 282.338 349.532 3986.43 552.564 757.457
1 7717 1483027739 1483036287 Weak_Th P4_px 3405.67 284.583 340.498 3626.49 433.314 561.044 3176.76 346.351 442.137
1 7723 1483374375 1483382863 Weak_Th P4_px 3317.37 270.559 321.277 3302.65 356.248 451.874 3327.3 382.895 496.403
1 7728 1483560804 1483569360 Weak_Th P4_px 3725.03 316.784 381.64 3806.98 442.08 573.215 3613.88 420.077 544.465
1 7736 1483725862 1483734773 Weak_Th P4_px 3630.35 314.351 380.306 4063.24 515.451 688.083 3241.32 359.393 459.599
1 7746 1484068419 1484077563 Weak_Th Combined 3154.2 242.948 286.692 3059.72 297.394 364.583 3337.08 396.474 516.934
1 7753 1484240549 1484249474 Weak_Th P4_px 3186.33 257.289 306.316 3024.18 310.795 389.621 3460.08 425.77 561.58
1 7756 1484323858 1484333000 Weak_Th P4_px 3181.96 240.403 282.759 3470.18 380.779 479.537 2902.31 285.731 351.84
1 7767 1484672216 1484681171 Weak_Th P4_px 3443.12 275.987 331.618 3545.42 399.574 516.642 3399.68 370.529 470.896
1 7770 1484762252 1484771219 Weak_Th P4_px 3779.98 348.984 423.326 4020.32 510.187 721.71 3497.02 418.383 547.831
1 7775 1484932347 1484941542 Weak_Th P4_px 3152.07 240.161 283.105 2935.87 288.168 358.407 3412.39 383.515 491.158
1 7783 1485200423 1485209087 Weak_Th P4_px 3394.6 281.099 335.596 3373.43 379.647 488.594 3431.27 393.325 504.778
1 7786 1485283220 1485291345 Weak_Th P4_px 3695.47 330.264 405.461 3531.81 409.399 533.297 3931.7 513.843 691.75
1 7795 1485539223 1485550627 Weak_Th P4_px 3539.95 273.037 319.891 4203.85 512.296 675.147 2993.9 273.807 333.422
1 7802 1485796940 1485806621 Weak_Th P4_px 3317.1 258.689 306.364 3620.21 408.496 526.576 3004.77 303.065 377.625
1 7811 1486055396 1486064757 Weak_Th P4_px 2926.08 206.612 239.449 3026.33 298.296 372.759 2827.78 269.763 332.219
1 7814 1486143948 1486152777 Weak_Th P4_px 3318.74 270.654 322.634 3201.06 323.143 403.086 3571.55 461.565 615.201
1 7876 1486593819 1486601021 Weak_Ra P4_px 5062.66 962.949 1547.4 6184.1 1716.87 3804.91 4131.71 917.632 1661.32
1 7877 1486601027 1486608229 Weak_Ra P4_px 3217.05 413.981 560.662 3645.19 654.964 1042.48 2867.3 477.692 729.27
1 7878 1486608236 1486615685 Weak_Ra P4_px 5134.7 1034.21 1721.15 5488.2 1483.71 3314.34 4515.2 1080.24 2053.97
1 7879 1486615690 1486622897 Weak_Ra P4_px 2935.84 354.28 475.857 3492.9 645.858 1018.95 2607.5 420.213 517.836
1 7880 1486622907 1486630117 Weak_Ra P4_px 2925.38 352.724 468.292 3612.59 654.314 1011.78 2530.5 394.201 570.058
1 7881 1486630129 1486637367 Weak_Ra P4_px 3722.78 533.386 755.927 3799.77 683.118 1062.07 3804.09 806.853 1392.59
1 7882 1486637374 1486644709 Weak_Ra P4_px 2888.14 334.524 436.442 3528.29 618.383 955.842 2426.35 352.225 491.177
1 7883 1486644719 1486652312 Weak_Ra P4_px 3503.08 471.514 648.454 3880.34 743.548 1222.8 3232.75 558.551 845.21
1 7884 1486652317 1486653640 Weak_Ra P4_px 3399.03 950.758 2173.28 3580.74 1166.08 3363.32 4865.04 2530.71 0
1 7889 1486679612 1486686815 Weak_Co P4_px 3573.6 292.957 351.104 3742.38 415.512 532.793 3448.77 400.039 517.319
1 7890 1486686829 1486694601 Weak_Co P4_px 4168.05 378.46 458.921 4487.63 567.121 753.726 3897.23 478.231 630.197
1 7891 1486694606 1486701970 Weak_Co P4_px 3596.51 294.211 350.111 3618.26 392.079 497.561 3609.39 422.786 551.081
1 7892 1486701976 1486709188 Weak_Co P4_px 3258.35 242.175 282.488 3985.46 440.602 563.499 2567.99 240.557 289.532
1 7893 1486709202 1486716420 Weak_Co P4_px 3739.99 320.433 385.715 3916.15 454.824 590.85 3572.14 425.285 552.933
1 7894 1486716426 1486723653 Weak_Co P4_px 2793.85 185.677 213.589 3315.79 350.095 442.866 2387.63 192.141 227.845
1 7895 1486723657 1486730865 Weak_Co P4_px 3403.32 271.282 320.408 4054.4 495.695 657.133 2872.01 279.914 346.429
1 7896 1486730869 1486738071 Weak_Co P4_px 3275.45 245.714 287.422 4242.36 528.306 701.496 2579.36 222.626 267.3
1 7897 1486738081 1486740179 Weak_Co P4_px 3289.59 440.051 595.261 3564.21 679.308 1093.07 3082.73 519.874 779.334
1 7900 1486749985 1486758857 Weak_Th P4_px 3349.15 273.047 325.235 3365.74 363.046 461.362 3321.33 385.102 499.64
1 7940 1487262533 1487273338 Weak_Th P4_px 3230.48 242.545 279.86 3626.81 401.586 515.108 2915.37 278.021 342.769
1 7942 1487360763 1487369769 Weak_Th P4_px 3150.42 246.709 289.611 3425.51 383.711 494.956 2852.36 288.821 359.61
1 7943 1487399407 1487408413 Weak_Th P4_px 2670.79 173.535 198.719 2592.78 213.631 254.826 2789.57 274.742 340.718
1 7944 1487431225 1487440227 Weak_Th P4_px 2379.5 138.873 156.98 2303.6 172.5 203.241 2488.15 221.073 267.553
1 7946 1487453598 1487462605 Weak_Th P4_px 2044.88 108.557 121.458 2080.16 152.438 177.53 1998.23 146.342 172.575
1 7947 1487484174 1487493532 Weak_Th P4_px 1859.62 84.9654 92.9394 1847.75 111.189 126.196 1900.64 131.091 149.676
1 7948 1487514903 1487523909 Weak_Th P4_px 1813.02 88.369 97.5545 1752.47 110.944 126.351 1883.29 136.27 158.954
1 7951 1487539821 1487548838 Weak_Th P4_px 1626.91 69.8315 77.3713 1636.83 91.9097 103.86 1644.98 108.327 124.251
1 7953 1487601818 1487610144 Weak_Th P4_px 1338.07 47.9743 51.6444 1418.16 72.6936 80.8526 1254.17 61.0828 67.4823
1 7956 1487629636 1487638454 Weak_Th P4_px 1337.88 47.0532 50.4307 1419.25 71.5519 79.5078 1253.54 59.5622 65.6778
1 7959 1487713246 1487722248 Weak_Th P4_px 1053.05 29.5989 30.6544 1033.15 38.0282 40.8529 1073.55 44.6719 48.4519
1 7960 1487743306 1487774322 Weak_Th P4_px 1040.54 15.3305 15.7795 1030.9 20.687 21.519 1057.34 22.8204 24.0704
1 7961 1487799396 1487808731 Weak_Th P4_px 971.767 24.3225 25.6226 964.214 33.3334 35.6131 981.089 34.9695 37.5793
1 7966 1487951849 1487953799 Weak_Th P4_px 770.643 30.6293 33.7336 723.525 36.4302 40.7838 841.952 52.687 59.7583
1 7967 1487953821 1487961326 Weak_Th P4_px 777.402 18.1232 18.9704 803.493 25.9065 27.3701 746.195 25.1506 26.8019
1 7968 1487961354 1487970764 Weak_Th P4_px 753.999 15.1142 15.8296 743.623 20.0663 21.1041 768.501 22.8478 24.2758
1 7969 1487985943 1487995011 Weak_Th P4_px 790.196 16.5023 17.1968 810.626 24.0697 25.366 770.164 22.3896 23.5038
1 7970 1488016805 1488025807 Weak_Th P4_px 942.288 23.5605 24.7757 923.345 30.7355 32.8866 962.808 35.8307 38.5165
1 7971 1488025819 1488034990 Weak_Th P4_px 953.533 23.8492 25.0066 967.935 32.9775 35.0683 939.964 34.1582 36.7008
1 7978 1488210235 1488221603 Weak_Th P4_px 1443.32 46.996 50.3216 1451.42 62.3407 68.6759 1438.3 69.8837 77.233
1 7985 1488384829 1488394386 Weak_Th P4_px 2744.89 182.197 209.565 2908.02 271.68 331.355 2562.29 226.711 274.038
1 7991 1488556999 1488566106 Weak_Th P4_px 3023.78 216.491 251.903 3010.9 286.901 351.474 3013.43 305.269 381.134
1 7998 1488817064 1488825916 Weak_Th P4_px 2777.96 203.61 238.237 2401.83 208.931 251.752 3323.15 398.358 521.613
1 8009 1489159905 1489169457 Weak_Th P4_px 3082.72 239.345 282.241 2914.38 275.768 339.18 3415.13 426.091 564.587
1 8016 1489417966 1489427306 Weak_Th P4_px 3330.97 272.425 324.54 3491.26 379.398 482.236 3308.92 396.801 521.613
1 8021 1489596652 1489605717 Weak_Th P4_px 2748.65 189.266 220.895 2798.1 260.996 321.293 2699.37 262.579 320.205
1 8027 1489765342 1489774573 Weak_Th P4_px 3002.7 241.372 286.958 2846.1 290.711 363.607 3203.43 383.385 503.128
1 8040 1490196286 1490205434 Weak_Th P4_px 3110.48 232.42 273.507 3209.4 323.114 402.898 3034.28 321.955 407.086
1 8053 1490629203 1490642463 Weak_Th P4_px 3051.88 194.76 222.98 3127.05 276.288 334.563 3007.54 265.602 321.938
1 8064 1490977926 1490987670 Weak_Th P4_px 2818.45 201.258 233.369 2684.39 240.702 292.274 2996.98 324.029 410.136
1 8071 1491250821 1491259885 Weak_Th P4_px 2640.56 177.384 205.221 2587.3 231.716 281.441 2719.23 262.794 323.325
1 8081 1491577808 1491587161 Weak_Th P4_px 3232.02 265.192 317.617 3410.66 397.082 516.304 3147.01 352.062 445.846
1 8086 1491837936 1491846955 Weak_Th P4_px 2777.85 196.057 227.867 3019.98 308.209 387.027 2547.1 234.123 286.211
1 8092 1492011812 1492021520 Weak_Th P4_px 2625.94 167.848 191.432 2637.91 219.098 265.208 2615.64 242.887 297.393
1 8097 1492183457 1492192507 Weak_Th P4_px 3006.02 230.619 271.178 3210.6 344.3 437.208 2816.39 288.575 361.31
1 8100 1492440778 1492450135 Weak_Th P4_px 2981.47 230.072 271.625 2999.7 312.208 393.332 2145.5 296.581 412.127
1 8105 1492614797 1492623668 Weak_Th P4_px 3007.06 229.34 268.742 3449.77 386.419 497.593 2581.63 248.392 310.631
1 8111 1492785310 1492795031 Weak_Th P4_px 3090.09 238.123 280.323 2910.02 282.847 349.778 3326.68 388.425 496.909
1 8118 1493045791 1493054796 Weak_Th P4_px 2947.42 233.325 275.939 2860.91 293.921 369.497 3022.76 343.161 444.989
1 8124 1493218078 1493227098 Weak_Th P4_px 2259.15 192.087 230.605 2577.09 331.109 443.114 2003.49 211.502 267.912
1 8136 1493649457 1493659059 Weak_Th P4_px 3550.08 311.608 377.252 4041.92 547.144 747.529 3192.85 342.864 435.735
1 8141 1493826221 1493836025 Weak_Th P4_px 3097.52 231.342 273.005 3472.45 392.956 505.974 2764.66 258.259 315.326
1 8147 1493994858 1494004396 Weak_Th P4_px 2836.84 199.789 232.931 3296.97 358.145 469.561 2460.46 212.052 253.46
1 8154 1494254513 1494264377 Weak_Th P4_px 2679.23 181.482 209.614 2730.14 254.528 313.339 2619.57 243.612 297.146
1 8159 1494426787 1494436955 Weak_Th P4_px 2553.29 160.918 180.43 3038.02 287.709 353.448 2111.7 164.845 194.332
1 8171 1494859696 1494869560 Weak_Th P4_px 3099.06 238.551 280.843 3129.72 320.413 393.749 3174.29 362.174 467.314
1 8177 1495033099 1495042743 Weak_Th P4_px 3404.48 288.006 345.776 3390.88 385.47 496.41 3357.07 385.978 499.242
1 8180 1495203228 1495212340 Weak_Th P4_px 2778.41 189.357 215.887 2823.82 260.736 319.067 2734.1 255.215 315.301
1 8184 1495460318 1495469205 Weak_Th P4_px 3005.35 236.869 280.989 3329.76 379.279 492.105 2784.47 293.125 370.358
1 8187 1495636786 1495646482 Weak_Th P4_px 3326.91 259.752 308.103 3415.58 371.413 473.525 3194.1 331.522 416.966
1 8192 1495812139 1495821141 Weak_Th P4_px 2838.38 209.555 242.774 3411.97 391.914 507.185 2387.59 213.894 259.356
1 8208 1496326838 1496336530 Weak_Th P4_px 3283.14 261.093 310.203 3831.8 449.138 584.854 2723.3 270.801 335.444
1 8211 1496414414 1496424219 Weak_Th P4_px 3687.12 317.898 385.414 3657.26 416.199 536.449 3765.8 467.299 620.303
1 8216 1496670466 1496674263 Weak_Th P4_px 2512.08 252.485 314.648 2517.93 312.124 414.175 2600.92 403.194 581.688
1 8220 1496759071 1496770058 Weak_Th P4_px 2995.3 209.905 243.413 2881.1 257.641 313.272 3212.13 345.871 434.173
1 8225 1496930889 1496940234 Weak_Th P4_px 3150.93 246.817 294.073 3273.91 358.38 448.92 2997.02 317.696 401.875
1 8234 1497450690 1497460664 Weak_Th P4_px 2562.57 164.195 185.784 2441.96 203.944 242.986 2697.09 251.104 303.547
1 8243 1497559323 1497567211 Weak_Ra P4_px 2796.1 303.442 395.866 3132.93 492.348 715.579 2545.19 356.341 491.499
1 8244 1497567223 1497573494 Weak_Ra P4_px 2237.47 218.762 270.054 2259.23 289.35 385.332 2290.46 325.157 444.807
1 8245 1497574757 1497575584 Weak_Ra P4_px 2643.88 693.507 1382.2 2256.87 650.325 1426.26 3406.02 1389.85 7626.05
1 8247 1497577033 1497584222 Weak_Ra P4_px 2364.55 215.273 258.907 2478.94 307.943 404.502 2314.41 292.275 388.408
1 8248 1497584233 1497591422 Weak_Ra P4_px 2686.1 267.904 334.508 2698.04 357.154 484.758 2713.05 381.262 530.8
1 8249 1497591433 1497598622 Weak_Ra P4_px 3341.42 433.261 585.574 3021.36 469.481 682.01 3831.26 761.373 1296.63
1 8250 1497598634 1497605822 Weak_Ra P4_px 2765.75 293.585 371.863 2859.91 393.653 538.264 2681.57 409.539 592.321
1 8251 1497605833 1497613022 Weak_Ra P4_px 2186.7 194.939 237.368 2037.92 209.363 259.759 2668.36 432.875 623.752
1 8252 1497613033 1497621185 Weak_Ra P4_px 2899.5 370.858 396.786 2768.43 394.378 551.693 3088.83 548.848 851.514
1 8253 1497621206 1497622299 Weak_Ra P4_px 2650.66 668.622 1425.98 2978.76 926.38 2542.18 2374.01 851.387 2321.82
1 8264 1497888327 1497895562 Weak_Co P4_px 2952.95 213.584 245.936 3100.72 308.46 385.324 2846.19 284.132 352.005
1 8270 1498058014 1498069391 Weak_Th P4_px 3177.46 231.937 270.559 2935.84 271.953 333.065 3500.8 386.442 489.199
1 8276 1498228637 1498238971 Weak_Th P4_px 2866 202.749 235.667 2935.28 277.175 340.477 2797.62 280.492 348.411
1 8283 1498489260 1498503921 Weak_Th P4_px 3259.51 228.573 265.322 3235.3 323.422 403.331 3251.44 298.82 367.957
1 8345 1501599820 1501610129 Weak_Th P4_px 1036.59 35.8454 38.5595 998.458 44.8949 49.0804 1086.97 56.9378 63.1908
1 8348 1501686237 1501697524 Weak_Th P4_px 1173.04 33.9803 36.1179 1207.81 49.3493 53.9602 1133.01 45.9067 49.0403
1 8353 1501777533 1501787895 Weak_Th P4_px 1803.78 86.0045 94.1168 1761.77 108.082 123.239 1834.24 128.383 148.49
1 8360 1501858552 1501868898 Weak_Th P4_px 2038.04 105.42 118.995 1950.59 130.112 148.741 2169.31 173.548 206.526
1 8366 1502115040 1502127612 Weak_Th P4_px 2374.1 127.809 142.993 2626.87 200.906 237.206 2110.7 152.042 177.701
1 8369 1502224418 1502231634 Weak_Th P4_px 2424.93 177.367 207.216 2501.85 247.334 306.989 2389.51 250.446 316.373
1 8370 1502231647 1502233202 Weak_Th P4_px 1926.73 212.562 271.418 2310.66 407.242 626.092 1523.75 179.99 242.009
1 8373 1502234113 1502241302 Weak_Th P4_px 2611.74 209.015 247.52 2655.1 295.044 381.152 2539.44 269.627 341.295
1 8374 1502241314 1502248503 Weak_Th P4_px 2039.42 122.522 139.086 2184.63 189.374 228.716 1887.64 150.202 176.772
1 8375 1502248514 1502255702 Weak_Th P4_px 2520.19 196.357 231.846 2425.14 233.242 288.093 2618.62 314.142 413.9
1 8376 1502255713 1502262902 Weak_Th P4_px 2564.78 195.587 230.706 2944.06 335.912 433.535 2298.47 225.784 279.904
1 8377 1502262913 1502270102 Weak_Th P4_px 2218.62 149.107 169.728 2055.62 176.392 210.624 2411.25 239.258 297.345
1 8378 1502270114 1502277302 Weak_Th P4_px 2160.81 137.557 155.846 1972.76 155.124 184.809 2440.45 243.755 301.907
1 8379 1502277314 1502284502 Weak_Th P4_px 2479.24 198.457 235.579 3069.88 397.944 531.637 2031.46 188.523 230.68
1 8380 1502284513 1502290366 Weak_Th P4_px 1835.61 115.163 131.651 1983.92 172.352 209.26 1679.41 144.632 173.614
1 8402 1502465243 1502475746 Weak_Th P4_px 2051.1 112.75 126.654 2060.71 156.443 184.226 2065.9 159.098 188.379
1 8408 1502776356 1502784081 Weak_Th P4_px 1491.38 73.5331 80.6694 1571.37 107.781 122.393 1396.95 94.3243 108.804
1 8410 1502794814 1502805602 Weak_Th P4_px 1458.08 56.0537 60.5824 1420.2 71.8997 79.7675 1525.33 87.9817 98.5711
1 8411 1502820014 1502830802 Weak_Th P4_px 2009.85 100.224 111.419 1981.69 133.334 155.167 2052.98 145.73 169.37
1 8412 1502848814 1502859602 Weak_Th P4_px 1745.07 79.9655 89.5002 1623.72 96.3314 108.749 1914.19 134.952 155.865
1 8413 1502881214 1502892002 Weak_Th P4_px 2227.61 125.415 140.446 2120.13 156.113 182.569 2346.19 193.103 230.486
1 8418 1502981045 1502991881 Weak_Th P4_px 2405.99 145.668 165.44 2451.26 202.234 241.764 2345.67 199.884 240.389
1 8421 1503067313 1503077413 Weak_Th P4_px 2261.71 131.964 149.131 2251.26 170.336 199.468 2275.49 196.239 237.497
1 8428 1503325041 1503335709 Weak_Th P4_px 2435.91 152.671 173.541 2261.11 178.15 208.21 2692.97 262.318 325.276
1 8433 1503499021 1503509892 Weak_Th P4_px 3201.79 252.304 300.104 2906.88 274.241 338.291 3695.52 475.351 640.194
1 8438 1503672191 1503683931 Weak_Th P4_px 2467.25 152.727 174.453 2536.2 224.656 270.482 2383.8 197.657 234.273
1 8444 1503933090 1503943950 Weak_Th P4_px 2207.35 124.486 140.721 2148.57 160.626 185.272 2289.5 191.422 227.919
1 8450 1504292693 1504303519 Weak_Th P4_px 1515.7 58.8736 63.1312 1593.01 86.2843 96.7788 1435.54 76.7724 85.5862
1 8451 1504317615 1504328402 Weak_Th P4_px 1800.03 82.6614 90.6442 1954.21 128.809 150.276 1665.44 101.773 117.212
1 8452 1504350015 1504360802 Weak_Th P4_px 1802.65 81.4064 88.3635 1748.06 108.553 120.078 1878.1 119.99 137.352
1 8453 1504375215 1504386002 Weak_Th P4_px 2053.87 112.672 126.516 2204.88 173.285 206.703 1904.84 138.5 161.679
1 8454 1504404015 1504414803 Weak_Th P4_px 2072.36 112.928 126.577 2178.5 167.958 198.058 1962.56 143.451 168.732
1 8455 1504436415 1504447202 Weak_Th P4_px 2324.11 135.574 153.162 2348.44 184.307 217.088 2316.01 193.902 230.617
1 8456 1504461615 1504472403 Weak_Th P4_px 2596.93 163.852 185.66 2432.2 193.783 229.082 2807.77 269.284 332.924
1 8457 1504490416 1504501203 Weak_Th P4_px 2457.02 151.166 172.134 2482.95 207.389 246.046 2464.77 216.43 261.407
1 8458 1504522815 1504533602 Weak_Th P4_px 2477.07 151.861 172.624 2324.18 183.899 216.764 2662.78 244.236 294.354
1 8459 1504548014 1504558803 Weak_Th P4_px 2625.6 172.207 196.075 2581.49 224.618 270.166 2718.84 258.166 316.595
1 8460 1504576815 1504587602 Weak_Th P4_px 2487.84 151.775 172.67 2463.93 205.442 245.363 2531.66 217.351 261.793
1 8483 1504808753 1504818578 Weak_Th P4_px 1249.2 42.791 45.9797 1260.14 58.7366 64.7566 1243.96 61.5685 68.0698
1 8485 1504890621 1504900485 Weak_Th P4_px 1178.03 37.6485 40.154 1159.33 49.2193 53.1881 1202.01 57.1555 63.1943
1 8491 1505139341 1505153606 Weak_Th P4_px 986.957 22.9086 23.9607 995.113 31.7448 33.8824 979.272 32.4193 34.6228
1 8501 1505412444 1505422802 Weak_Th P4_px 1064.08 31.63 33.5275 1076.4 45.2624 48.7551 1055.03 43.6127 47.0495
1 8502 1505437215 1505448003 Weak_Th P4_px 1276.19 45.0778 48.1803 1308.64 62.1771 68.5021 1230.75 62.1701 68.9404
1 8503 1505480415 1505491203 Weak_Th P4_px 1531.81 62.5102 67.7292 1522.21 82.0343 92.012 1549.83 93.7326 106.344
1 8504 1505523615 1505534402 Weak_Th P4_px 1796.56 83.5557 94.1364 2034.05 143.907 167.041 1573.87 93.9841 105.806
1 8506 1505610016 1505620802 Weak_Th P4_px 2191.65 124.506 140.001 2049.74 142.189 164.666 2387.03 218.226 263.751
1 8507 1505653215 1505664003 Weak_Th P4_px 2168.96 120.178 133.203 2331.6 185.13 218.895 2024.11 149.078 174.327
1 8508 1505696415 1505707202 Weak_Th P4_px 2518.76 161.537 184.958 2655.19 239.85 288.935 2359.63 203.958 245.617
1 8509 1505739615 1505750403 Weak_Th P4_px 2519.56 159.071 181.454 2767.21 243.506 290.058 2245.12 193.74 232.917
1 8516 1505917373 1505928929 Weak_Th P4_px 2628.42 173.055 198.079 2465.05 196.262 232.817 2938.68 319.772 399.167
1 8523 1506091091 1506101687 Weak_Th P4_px 2574.08 178.262 204.451 2510.06 223.743 271.514 2684.54 275.113 344.824
1 8527 1506352963 1506363979 Weak_Th P4_px 2467.58 153.983 175.191 2444.45 198.544 237.493 2460.36 222.99 271.286
1 8536 1506526002 1506536978 Weak_Th P4_px 2362.08 140.759 159.999 2303.45 186.749 220.946 2439.36 206.877 247.904
1 8547 1506956555 1506967641 Weak_Th P4_px 3599.18 321.758 390.826 3712.57 452.637 602.31 3544.29 441.416 580.364
1 8552 1507128507 1507140223 Weak_Th P4_px 2419.89 147.682 166.77 2482.94 207.32 248.471 2330.29 194.93 232.64
1 8566 1507557935 1507569534 Weak_Th P4_px 2603.3 168.085 192.715 2635.41 229.193 276.292 2566.54 235.077 285.449
1 8571 1507730729 1507741845 Weak_Th P4_px 2563.4 167.733 191.691 2376.53 199.226 241.017 2784.93 268.862 330.343
1 8574 1507908791 1507915895 Weak_Th P4_px 2247.98 152.922 175.555 2328.37 223.932 274.948 2162.25 195.545 238.613
1 8575 1507916103 1507923802 Weak_Th P4_px 2266.94 158.872 185.039 2399.59 234.388 289.769 2086.43 191.562 238.089
1 8579 1508077622 1508086757 Weak_Th P4_px 2612.09 193.383 223.6 2454.64 226.662 275.622 2782.64 310.996 397.772
1 8584 1508253868 1508264858 Weak_Th P4_px 2820.04 199.733 231.1 2829.95 267.623 327.967 2813.02 283.158 351.868
1 8593 1508509501 1508520831 Weak_Th P4_px 2649.05 180.019 207.876 2556.41 221.587 267.637 2765.74 281.943 352.576
1 8599 1508773924 1508785947 Weak_Th P4_px 2409.1 144.266 163.914 2514.35 206.991 247.331 2295.56 191.27 226.603
1 8609 1509113106 1509123567 Weak_Th P4_px 2307.07 134.132 150.883 2471.05 201.03 239.55 2146.86 170.478 202.726
1 8615 1509377753 1509388763 Weak_Th P4_px 2478.52 163.646 186.903 2478.92 213.187 256.363 2456.44 234.6 288.722
1 8619 1509546225 1509556626 Weak_Th P4_px 2373.3 146.253 165.123 2363.02 191.188 227.526 2385.06 215.204 260.021
1 8624 1509718416 1509729718 Weak_Th P4_px 3202.73 255.669 301.247 2877.89 286.889 359.235 3576.67 424.662 548.858
1 8628 1509981487 1509992987 Weak_Th P4_px 2723.22 179.412 206.335 2929.14 271.715 332.894 2543.57 226.499 274.274
1 8635 1510156906 1510168778 Weak_Th P4_px 2814.79 193.808 224.325 2727.73 245.866 299.39 2945.11 298.46 369.459
1 8642 1510418724 1510430220 Weak_Th P4_px 2545.59 168.175 194.467 2351.55 193.411 229.386 2842.22 297.421 371.699
1 8649 1510757602 1510768664 Weak_Th P4_px 2434.61 157.079 179.677 2570.87 231.414 282.91 2277.59 199.37 237.919
1 8653 1510787697 1510795203 Weak_Ra P4_px 2336.31 227.181 279.525 2694.21 370.884 510.458 2031.55 260.414 347.6
1 8654 1510795214 1510802403 Weak_Ra P4_px 3786.19 564.241 810.352 4338.02 865.021 1442.69 3253.55 650.407 1089.84
1 8655 1510802414 1510809603 Weak_Ra P4_px 1988 168.714 201.8 2167.91 245.628 313.331 1833.97 219.435 286.538
1 8656 1510809614 1510816803 Weak_Ra P4_px 2282.23 213.508 262.505 2209.93 251.34 326.612 2513.25 382.426 551.545
1 8657 1510816814 1510824003 Weak_Ra P4_px 2978.88 367.183 489.099 3709.14 681.627 1075.76 2430.48 379.602 542.407
1 8658 1510824014 1510833338 Weak_Ra P4_px 2555.97 246.843 305.987 2742.21 372.279 511.153 2351.39 298.499 395.834
1 8659 1510833366 1510845127 Weak_Ra P4_px 2667.76 229.247 276.174 2850.94 327.789 431.33 2460.9 290.963 375.948
1 8679 1511017188 1511024704 Weak_Th P4_px 2579.69 197.136 233.422 2635.61 274.765 347.604 2569.97 276.884 350.254
1 8680 1511024720 1511031927 Weak_Th P4_px 3250.13 328.16 410.436 4664.44 819.12 1275.11 2354.74 254.483 321.446
1 8681 1511031938 1511041206 Weak_Th P4_px 2846.12 222.894 262.24 2729.06 270.724 336.655 2977.65 347.808 450.809
1 8686 1511191786 1511199596 Weak_Th P4_px 2713.2 223.606 265.599 2676.84 277.136 350.953 2816.37 351.928 469.262
1 8687 1511199611 1511208696 Weak_Th P4_px 3249.15 311.378 383.842 3197.21 396.524 525.245 3203.75 430.45 587.242
1 8688 1511208703 1511214113 Weak_Th P4_px 3225.42 367.869 473.172 2913.79 406.128 556.002 3775.24 667.394 1022.52
1 8700 1511278017 1511293755 Weak_Th P4_px 2627.75 151.355 170.747 2513.87 186.711 218.431 2766.2 239.745 284.808
1 8701 1511293765 1511296574 Weak_Th P4_px 2523.31 271.654 342.29 3206.56 558.849 852.302 1969.14 234.43 307.241
1 8713 1511362761 1511374731 Weak_Th P4_px 2813.46 194.792 225.433 3116.01 311.378 386.696 2477.26 220.46 266.708
1 8725 1511812814 1511823602 Weak_Th P4_px 3235.82 500.939 718.099 3128.2 624.788 1029.9 3307.44 699.166 1194.43
1 8729 1511970285 1511982164 Weak_Th P4_px 3328.2 274.563 325.873 2997.97 311.111 388.182 3760.82 465.693 616.056
1 8735 1512143611 1512155572 Weak_Th P4_px 2958.35 220.699 258.632 2884.84 279.723 347.415 3111.84 343.816 436.656
1 8742 1512413511 1512425240 Weak_Th P4_px 2690.67 177.66 204.629 2900.41 261.557 316.541 2473.19 228.803 279.09
1 8747 1512574533 1512586097 Weak_Th P4_px 2409.27 148.008 167.823 2553.91 217.418 261.327 2250.49 188.585 225.288
1 8756 1513005345 1513017031 Weak_Th P4_px 3017.56 227.738 270.261 2847.51 281.567 351.594 3209.03 349.903 443.981
1 8759 1513091615 1513103296 Weak_Th P4_px 2936.46 217.385 254.244 3396.96 380.432 487.654 2560.29 238.513 290.441
1 8769 1513354943 1513367746 Weak_Th P4_px 2526.33 154.694 176.374 2288.33 171.32 200.975 2901.35 286.525 356.349
1 8773 1513541875 1513553868 Weak_Th P4_px 1068.65 29.1026 30.6365 1025.17 36.4753 39.0374 1123.27 46.2561 50.0418
1 8774 1513591215 1513602003 Weak_Th P4_px 1340.48 47.8253 51.3529 1429.29 73.7236 82.1875 1258.86 59.8961 65.8187
1 8775 1513634414 1513645203 Weak_Th P4_px 1674.37 81.1638 89.5681 1667.43 111.431 129.095 1698.06 115.205 131.948
1 8776 1513677615 1513688404 Weak_Th P4_px 2106.51 122.176 139.037 2253.64 191.102 228.261 1954.98 149.303 175.905
1 8781 1513784659 1513796636 Weak_Th P4_px 2924.92 222.021 258.555 2926.2 286.802 355.49 2941.97 327.503 418.397
1 8786 1513957896 1513970049 Weak_Th P4_px 3069.11 232.62 273.727 3188.96 326.248 408.531 2956.5 311.685 394.923
1 8796 1514300273 1514312078 Weak_Th P4_px 3086.46 244.471 289.893 3476.08 406.683 528.022 2755.16 280.53 349.666
1 8804 1514559759 1514571755 Weak_Th P4_px 2878.24 210.635 243.973 3234.39 347.241 445.419 2564.93 239.157 292.959
1 8814 1514906443 1514918335 Weak_Th P4_px 3002.24 233.824 275.565 2823.3 280.836 348.954 3271.41 383.583 497.549
1 8821 1515165479 1515177509 Weak_Th P4_px 2416.17 148.606 169.147 2612.82 230.319 278.666 2202.34 176.755 212.633
1 8828 1515424812 1515437692 Weak_Th P4_px 2929.11 208.301 246.109 2820.92 270.295 334.479 3062.77 310.068 387.898
1 8834 1515598102 1515610007 Weak_Th P4_px 2692.85 195.438 228.275 2721.57 261.133 321.569 2718.14 289.676 366.979
1 8839 1515770516 1515782798 Weak_Th P4_px 2829.61 203.958 238.788 2975.25 301.873 377.841 2644.29 252.938 311.448
1 8850 1516115372 1516131603 Weak_Th Combined 3329.97 265.262 314.607 3573.56 392.252 501.072 3054.16 328.192 418.044
1 8860 1516374676 1516386843 Weak_Th P4_px 3091.71 235.468 277.784 3180.79 332.81 419.233 3068.24 329.37 414.296
1 8869 1516720210 1516732825 Weak_Th P4_px 3058.01 250.019 300.276 2927.16 307.455 384.233 3250.54 398.048 522.337
1 8877 1516979988 1516992338 Weak_Th P4_px 2978.97 216.618 253.451 3327.5 357.891 453.599 2622.91 240.272 293.038
1 8884 1517270424 1517280005 Weak_Th P4_px 2446.25 183.338 214.922 2296.74 216.537 265.627 2604.05 290.377 377.894
1 8887 1517325624 1517336518 Weak_Th P4_px 3082.12 292.039 358.825 2902.32 356.127 469.599 3222.57 435.188 588.9
1 8892 1517441327 1517460246 Weak_Th P4_px 2131.15 100.256 111.046 2228.66 150.983 173.093 2017.77 126.516 144.752
1 8893 1517481117 1517488239 Weak_Th P4_px 2471.96 197.459 233.554 2384.26 244.928 306.537 2576.59 302.718 392.518
1 8897 1517583986 1517596282 Weak_Th P4_px 2965.76 237.823 281.94 2973.79 324.027 410.032 3058.18 348.445 449.161
1 8904 1517843720 1517857512 Weak_Th P4_px 2934.16 213.076 248.912 2737.34 247.784 303.633 3138.37 345.013 438.068
1 8910 1518017355 1518032048 Weak_Th P4_px 4246.92 428.43 533.565 3694.63 420.478 541.62 5300.2 934.716 1443.37
1 8915 1518188504 1518201044 Weak_Th P4_px 3633.01 345.579 418.868 3675.14 457.079 606.66 3574.08 475.503 631.532
1 8922 1518453577 1518465979 Weak_Th P4_px 3121.96 261.685 313.303 3011.77 323.071 408.73 3221.27 396.703 517.707
1 8928 1518621259 1518634220 Weak_Th P4_px 3472.39 300.728 358.024 3603.45 428.548 553.842 3288.39 379.082 489.477
1 8933 1518794132 1518807231 Weak_Th P4_px 3724.01 332.739 404.279 3795.35 446.828 583.107 3625.49 460.064 613.22
1 8942 1519140051 1519152547 Weak_Th P4_px 2961.36 218.776 259.787 3399.37 388.585 495.522 2559.54 232.755 283.604
1 8951 1519484986 1519491921 Weak_Th P4_px 3436.13 399.416 516.053 3726.6 582.167 826.365 3113.03 487.142 713.646
1 8959 1519680991 1519681511 Weak_Th P4_px 3167.58 990.436 2531.18 3164.39 1213.22 4848.28 3685.27 0 0
1 8966 1519702244 1519711203 Weak_Th Combined 3241.15 319.418 396.604 3295.35 433.472 589.336 3134.7 424.008 580.358
1 8968 1519711214 1519718403 Weak_Th P4_px 3031.35 294.54 364.337 3505.06 489.53 680.067 2562.75 321.759 430.391
1 8969 1519718414 1519725603 Weak_Th P4_px 2706.3 243.276 295.026 2191.19 209.063 257.911 3803.68 647.374 975.055
1 8970 1519725614 1519732804 Weak_Th P4_px 3733.18 454.92 599.81 5297.26 0 1218.34 3538.44 537.364 773.319
1 8971 1519732815 1519740003 Weak_Th P4_px 3911.19 512.259 691.394 3678.73 579.338 847.738 4181.04 819.46 1356.09
1 8972 1519740014 1519744236 Weak_Th P4_px 3811.24 568.75 812.597 4933.9 1121.3 2063.11 2940.92 515.063 789.503
1 8979 1519765519 1519769911 Weak_Ra P4_px 3378.56 612.713 962.014 5727.42 1896.12 5637.25 2181.83 385.942 581.388
1 8980 1519769928 1519776004 Weak_Ra P4_px 2869.02 372.717 505.535 2882.88 451.195 658.184 2867.55 541.224 1072.12
1 8981 1519776015 1519783203 Weak_Ra P4_px 3192.37 429.967 589.365 3531.72 630.677 985.532 2897.77 538.584 859.297
1 8982 1519783214 1519790403 Weak_Ra P4_px 2804.85 331.337 431.927 2729.14 401.198 569.896 2951.01 518.997 811.4
1 8983 1519790414 1519797603 Weak_Ra P4_px 4321.46 689.605 1019.16 6399.25 1671.8 3520.31 2976.85 527.897 807.195
1 8984 1519797614 1519804802 Weak_Ra P4_px 3725.57 569.772 820.519 3717.25 706.283 1143.36 3862.42 867.277 1583.43
1 8985 1519804813 1519812003 Weak_Ra P4_px 3656.25 530.719 755.368 3846.44 718.02 1139.09 3398.51 694.949 1174.78
1 8986 1519812014 1519819202 Weak_Ra P4_px 3149.59 399.528 539.61 3456.29 582.649 888.748 2986.7 535.608 846.545
1 8987 1519819214 1519826404 Weak_Ra P4_px 2822.07 340.633 447.11 3970.73 737.872 1188.2 1858.35 252.701 346.082
1 8988 1519826415 1519830855 Weak_Ra P4_px 3958.51 799.132 1347.44 6245.31 2219.34 7742.34 2846.98 580.562 999.621
1 8990 1519836406 1519843798 Weak_Co P4_px 3732.07 348.377 427.56 4052.14 516.756 690.106 3540.41 465.251 628.273
1 9019 1520262668 1520272803 Weak_Th P4_px 2690.33 214.697 253.586 2737.55 295.16 374.773 2561.81 277.664 353.891
1 9024 1520436109 1520448758 Weak_Th P4_px 3482.11 311.504 382.774 3556.14 429.582 563.606 3328.67 410.074 540.462
1 9029 1520607432 1520620933 Weak_Th P4_px 3283.78 277.12 333.057 3261.4 364.471 469.755 3298.24 392.929 513.532
1 9034 1520710362 1520719204 Weak_Th P4_px 582.48 11.7143 12.1588 567.845 15.1117 15.8938 598.562 18.0159 19.1544
1 9035 1520737216 1520749804 Weak_Th P4_px 757.178 16.478 17.1057 789.556 24.3954 25.8282 718.123 21.0606 22.3215
1 9036 1520762416 1520775003 Weak_Th P4_px 861.571 21.0226 22.0125 894.002 30.3223 32.7198 828.782 28.5439 30.4704
1 9037 1520789415 1520802003 Weak_Th P4_px 1171.6 37.0613 39.7293 1229.12 53.0594 58.3616 1104.26 49.5376 54.3846
1 9038 1520820016 1520832603 Weak_Th P4_px 1464.71 57.4856 62.2236 1494.77 79.8664 89.6512 1431.19 79.8989 88.1722
1 9039 1520848816 1520861403 Weak_Th P4_px 1625.28 68.7262 75.609 1753.46 106.189 120.57 1489.67 84.5888 95.2176
1 9040 1520875816 1520888403 Weak_Th P4_px 1884.59 97.4935 107.751 2027.41 148.307 172.581 1747.28 121.349 141.596
1 9041 1520906416 1520919003 Weak_Th P4_px 2262.65 137.822 157.594 2078.15 154.355 182.257 2572.55 255.233 314.595
1 9042 1520935216 1520947803 Weak_Th P4_px 2075.28 114.598 128.675 2236.34 184.602 216.826 1922.97 136.58 158.602
1 9046 1521036533 1521050480 Weak_Th P4_px 2774.78 201.498 235.087 2865.51 284.053 352.29 2651.49 262.478 326.169
1 9049 1521122843 1521136090 Weak_Th P4_px 2749.94 196.237 229.584 3005.13 303.936 380.139 2507.62 240.304 296.168
1 9052 1521210962 1521223968 Weak_Th P4_px 3062.65 243.33 288.773 3359.23 379.617 487.774 2758.94 287.487 360.153
1 9065 1521642633 1521655223 Weak_Th P4_px 3100.88 254.655 303.849 3087.62 342.082 436.522 3114.54 356.124 460.647
1 9076 1522074162 1522089072 Weak_Th P4_px 2945.06 219.203 257.702 3388.47 379.717 487.814 2525.47 233.205 283.9
1 9083 1522246895 1522259354 Weak_Th P4_px 3238.17 271.997 327.333 3275.16 364.28 462.851 3219.57 389.61 511.803
1 9088 1522418738 1522430999 Weak_Th P4_px 2537.44 186.821 217.266 2615.57 272.375 343.971 2479.79 243.162 298.546
1 9095 1522679171 1522691926 Weak_Th P4_px 2686.17 179.773 206.829 2852.05 258.411 320.112 2416.78 219.209 266.669
1 9098 1522851783 1522865568 Weak_Th P4_px 2793.88 197.772 230.544 2562.13 222.795 266.883 3120.66 350.227 444.683
1 9103 1523024020 1523038492 Weak_Th P4_px 3068.35 237.892 280.774 3233.29 345.598 436.483 2873.04 304.247 383.897
1 9110 1523282706 1523297079 Weak_Th P4_px 3054.77 227.185 267.553 3112.11 310.08 381.113 2998.32 319.077 403.93
1 9116 1523455630 1523469414 Weak_Th P4_px 3100.9 242.265 285.979 3214.93 346.81 439.386 2972.58 314.975 398.257
1 9121 1523628296 1523641923 Weak_Th P4_px 2861.45 211.788 247.01 3329.28 373.295 477.602 2416.7 220.773 265.763
1 9128 1523886952 1523900602 Weak_Th P4_px 2965.74 225.316 264.915 2834.06 276.878 343.399 3180.19 362.623 467.49
1 9133 1524060770 1524074343 Weak_Th P4_px 2709.77 189.618 219.159 2363.84 185.471 219.996 3250.75 397.35 524.371
1 9139 1524233397 1524246934 Weak_Th P4_px 2635.85 184.012 214.551 2686.89 255.65 314.83 2618.85 258.434 321.777
1 9151 1524664260 1524677573 Weak_Th P4_px 2630.82 182.049 210.312 2869.42 284.624 352.599 2375.75 214.714 259.748
1 9157 1524837922 1524852380 Weak_Th P4_px 2915.91 211.478 246.063 3184.63 335.257 423.192 2654.83 249.193 304.398
1 9164 1525097965 1525111874 Weak_Th P4_px 2699.24 192.15 220.387 2641.05 250.562 311.63 2763.05 276.75 343.61
1 9169 1525270630 1525284842 Weak_Th P4_px 2795.99 198.699 232.327 2776.51 261.365 319.846 2824.21 288.434 360.631
1 9175 1525442828 1525455805 Weak_Th P4_px 2691.4 188.319 217.608 2514.41 218.097 262.619 2920.01 317.221 403.538
1 9182 1525703055 1525716978 Weak_Th P4_px 2553.14 179.484 208.423 2288.03 191.927 228.271 2977.19 346.369 448.851
1 9189 1525963603 1525976457 Weak_Th P4_px 3495.87 300.806 364.677 3100.6 324.258 407.93 4136.74 571.339 791.839
1 9193 1526047452 1526060968 Weak_Th P4_px 3065.53 242.988 287.663 3163.98 332.689 419.655 2968.47 335.848 431.85
1 9205 1526480417 1526494205 Weak_Th P4_px 2738.68 195.999 228.788 2778.23 267.125 328.239 2706.61 275.469 344.962
1 9211 1526653293 1526666222 Weak_Th P4_px 2721.25 196.586 225.624 2566.51 228.56 276.188 2975.77 338.047 435.321
1 9220 1526998798 1527014376 Weak_Th P4_px 2499.9 155.278 177.082 2437.28 196.225 233.184 2566.5 236.032 288.153
1 9230 1527344865 1527359316 Weak_Th P4_px 2494.11 158.793 178.494 2582.42 230.354 275.168 2385.88 201.837 242.349
1 9244 1527634813 1527642003 Weak_Th P4_py 2512.56 221.4 266.14 2346.71 276.653 352.676 2699 331.805 431.46
1 9245 1527642014 1527649203 Weak_Th P4_py 2836.14 286.546 359.204 2713.37 387.035 538.878 2916.01 384.464 521.463
1 9246 1527649214 1527656404 Weak_Th P4_py 2733.63 260.423 321.908 3632.67 666.393 1073.36 2315.3 230.58 287.09
1 9247 1527656415 1527663604 Weak_Th P4_py 2804.65 253.436 307.97 3335.69 519.493 754.382 2472.49 251.24 314.455
1 9248 1527663615 1527670803 Weak_Th P4_py 2749.89 263.925 317.027 3382.54 549.61 809.632 2361.4 253.499 321.362
1 9249 1527670815 1527678003 Weak_Th P4_py 2721.5 245.788 298.721 3499.54 533.922 766.764 2252.11 235.776 297.1
1 9250 1527678015 1527685204 Weak_Th P4_py 2616.43 232.858 281.665 2636.28 322.175 425.558 2658.81 323.107 428.747
1 9251 1527685215 1527694623 Weak_Th P4_py 2726.01 232.154 279.469 3093.88 457.386 632.211 2522.18 247.901 306.429
1 9261 1527795623 1527800403 Weak_Ra P4_px 2503.64 321.439 432.798 2412.88 374.455 540.137 2654.09 524.623 883.203
1 9262 1527800414 1527807605 Weak_Ra P4_px 2583.68 304.24 396.671 2544.66 372.803 524.477 2700.15 485.068 747.612
1 9263 1527807616 1527814803 Weak_Ra P4_px 3009.65 376.594 503.579 3119.89 477.536 687.217 3060.51 605.417 1033.96
1 9264 1527814815 1527822003 Weak_Ra P4_px 2312.9 247.862 313.906 2700.62 418.23 607.551 1981.76 271.994 372.061
1 9265 1527822015 1527829203 Weak_Ra P4_px 2246.01 234.345 293.82 2439.74 343.163 473.584 2065.46 293.598 404.06
1 9266 1527829214 1527836403 Weak_Ra P4_px 2215.67 210.723 259.74 1837.01 178.935 222.657 3089.95 604.376 999.418
1 9267 1527836415 1527843603 Weak_Ra P4_px 2205.72 213.994 263.938 2287.82 290.979 389.065 2083.08 282.459 378.729
1 9268 1527843614 1527850803 Weak_Ra P4_px 2259.91 209.73 256.435 1843.84 179.216 221.107 3306.34 637.143 1051.58
1 9269 1527850815 1527858003 Weak_Ra P4_px 3202.85 448.549 625.822 3195.05 591.202 937.173 3016.48 547.115 874.317
1 9270 1527858015 1527862488 Weak_Ra P4_px 2480.09 312.091 405.459 2672.62 454.773 693.937 2267.79 374.142 554.577
1 9274 1527882354 1527886802 Weak_Th Combined 2679.17 327.82 430.699 2494.63 384.066 548.767 3039.06 560.504 875.27
1 9276 1527886813 1527894004 Weak_Th P4_px 2895.55 281.536 347.45 2947.52 372.318 494.113 2781.78 382.652 524.493
1 9277 1527894015 1527901204 Weak_Th P4_px 2651.14 247.686 300.406 2763.26 363.536 489.462 2546.66 312.196 404.134
1 9278 1527901215 1527908404 Weak_Th P4_px 2699.7 269.672 335.954 2536.38 315.338 411.654 2898 436.481 618.027
1 9279 1527908415 1527915604 Weak_Th P4_px 2093.3 165.833 195.898 2264.78 258.113 333.326 1922.92 195.72 243.44
1 9280 1527915615 1527922804 Weak_Th P4_px 2844.69 274.993 343.229 2834.45 359.015 475.679 2840.46 391.055 543.281
1 9281 1527922815 1527930003 Weak_Th P4_px 3057.73 330.48 420.637 3713.04 623.767 920.405 2513.33 320.395 422.114
1 9282 1527930015 1527937203 Weak_Th P4_px 2527.89 230.826 281.506 2714.08 348.22 465.756 2271.3 263.062 339.216
1 9283 1527937215 1527946824 Weak_Th Combined 2935.52 262.582 318.896 2639.57 280.113 352.385 3481.6 522.548 743.059
1 9294 1528124217 1528138503 Weak_Th P4_px 2323.18 143.562 161.852 2309.33 188.509 227.846 2316.76 203.227 245.155
1 9302 1528381166 1528395243 Weak_Th P4_px 2331.78 143.998 165.043 2303.02 183.078 218.271 2356.93 217.961 266.92
1 9305 1528467134 1528481518 Weak_Th P4_px 2241.46 134.677 152.611 2108.98 160.974 189.724 2395.79 215.223 266.41
1 9313 1528727890 1528741706 Weak_Th P4_px 2422.29 165.497 191.098 2412.88 215.166 260.737 2443.05 244.907 304.124
1 9318 1528899107 1528912670 Weak_Th P4_px 2902.62 232.777 277.436 2896.93 302.508 380.807 2931.2 345.243 448.809
1 9323 1529071744 1529077740 Weak_Th P4_px 2165.38 181.293 217.924 2425.57 285.884 372.482 1914.28 212.624 273.224
1 9324 1529077769 1529094651 Weak_Th P4_px 2306.85 130.461 146.808 2326.33 171.104 200.104 2307.43 196.025 234.545
1 9325 1529094676 1529107203 Weak_Th P4_px 2260.09 143.467 163.893 2224.78 189.222 226.873 2315.28 210.61 256.384
1 9326 1529114405 1529127004 Weak_Th P4_px 2627.61 183.712 213.657 2633.9 250.351 309.961 2680.97 268.917 330.947
1 9327 1529143206 1529155803 Weak_Th P4_px 2398.73 171.148 199.446 2770.57 281.207 353.202 2039.11 189.642 236.547
1 9333 1529330232 1529344139 Weak_Th P4_px 2028.62 111.458 125.104 2111.17 163.395 193.096 1947.51 144.727 169.897
1 9337 1529416723 1529430474 Weak_Th P4_px 2257.46 145.839 166.535 2165.2 174.009 205.822 2405.06 246.37 302.121
1 9344 1529675695 1529689603 Weak_Th P4_px 2307.7 147.373 165.704 2793.41 276.937 344.069 1891.86 144.551 172.851
1 9357 1530108463 1530122426 Weak_Th P4_px 2372.74 151.104 172.862 2277.73 184.956 220.007 2471.85 236.356 291.955
1 9366 1530283047 1530296830 Weak_Th P4_px 2505.16 167.812 193.255 2258.39 182.458 216.177 2938.94 326.293 418.066
1 9373 1530540738 1530553988 Weak_Th P4_px 2066.21 122.5 138.978 1929.19 145.202 170.658 2250.75 204.444 247.171
1 9384 1530884912 1530898964 Weak_Th P4_px 2574.61 175.682 202.918 2504.05 225.879 275.241 2648.53 257.828 317.774
1 9390 1531145004 1531158962 Weak_Th P4_px 2320.94 141.493 160.696 2716.74 258.321 312.819 1997.41 149.55 175.671
1 9394 1531231431 1531246845 Weak_Th P4_px 2553.01 171.363 197.705 2540.88 232.82 280.944 2522.54 233.245 283.438
1 9399 1531368347 1531382402 Weak_Th P4_px 1722.71 84.4347 93.3931 1819.39 121.85 142.838 1600.05 109.293 126.043
1 9400 1531396805 1531411203 Weak_Th P4_px 1725.62 82.3919 91.0432 1832.6 123.924 143.754 1606.3 103.541 118.545
1 9401 1531425604 1531435929 Weak_Th P4_px 2109.83 138.744 160.297 2082.8 180.024 216.617 2118.14 201.754 248.466
1 9407 1531465517 1531468803 Weak_Th P4_px 1725.53 164.157 202.327 1579.84 175.668 224.385 2046.77 333.985 495.765
1 9408 1531483204 1531497015 Weak_Th P4_px 2262.35 138.146 156.962 2436.61 206.552 247.636 2045.57 168.947 202.28
1 9415 1531505433 1531510922 Weak_Th P4_px 2171.43 190.872 231.553 1952.4 196.708 246.789 2681.06 422.073 615.762
1 9423 1531754492 1531768765 Weak_Th P4_px 2682.96 192.508 223.577 2638.78 247.632 303.823 2713.96 280.489 350.041
1 9430 1531922724 1531937827 Weak_Th P4_px 3120.88 255.018 307.696 3128.93 344.101 435.47 3143.49 369.639 480.904
1 9434 1532010899 1532025311 Weak_Th P4_px 2792.44 213.656 251.536 2921.96 313.178 403.124 2609.94 260.349 322.14
1 9437 1532095795 1532110718 Weak_Th P4_px 3729.72 353.093 435.561 3524.55 420.405 549.377 4035.32 576.54 795.655
1 9444 1532355095 1532369492 Weak_Th P4_px 3939.5 404.47 506.293 4004.42 532.794 717.074 3752.23 540.98 757.765
1 9448 1532440185 1532454764 Weak_Th P4_px 4705.4 576.221 760.279 5681.84 1038.76 1617.88 4038.23 619.831 898.378
1 9457 1532699435 1532714804 Weak_Th P4_px 2499.82 170.058 194.095 2783.98 268.94 334.399 2186 195.945 234.226
1 9465 1532964049 1532979175 Weak_Th P4_px 3690.37 340.835 416.291 3456.2 391.587 502.355 4178.14 615.222 868.421
1 9468 1533048399 1533064169 Weak_Th P4_px 4257.78 434.518 544.134 3971.91 505.797 680.468 4569.63 688.541 979.954
1 9475 1533305871 1533320961 Weak_Th P4_px 3891.57 381.321 475.761 4273.24 606.406 841.987 3490.71 432.488 568.77
1 9482 1533564949 1533579554 Weak_Th P4_px 3095.82 251.956 298.678 2718.73 271.264 334.1 3619.38 461.037 617.125
1 9486 1533653580 1533671108 Weak_Th P4_px 4419.25 460.459 580.041 4451.97 603.008 823.586 4821.38 1063.66 1908.73
1 9490 1533848129 1533862803 Weak_Th P4_px 1901.73 96.3337 107.885 1893.54 133.778 154.765 1909.54 133.524 156.918
1 9491 1533877205 1533891603 Weak_Th P4_px 2616.51 184.754 214.666 2704.32 273.855 344.439 2526.37 230.973 283.212
1 9492 1533902405 1533916803 Weak_Th P4_px 2397.32 156.658 178.692 2234.33 186.001 221.153 2582.67 250.572 310.52
1 9500 1534169563 1534184067 Weak_Th P4_px 2679.19 197.287 230.691 2684.24 277.592 347.196 2620.55 254.996 314.609
1 9505 1534347619 1534362269 Weak_Th P4_px 3392.28 304.593 369.718 3501.12 425.966 557.836 3225.67 395.005 517.632
1 9508 1534430239 1534445525 Weak_Th P4_px 3387.19 316.068 387.524 4074.95 593.327 831.002 2809.99 310.606 398.775
1 9512 1534515002 1534529704 Weak_Th P4_px 3088.41 252.401 299.904 3239.57 343.704 429.19 2891.06 341.686 445.368
1 9519 1534783604 1534798670 Weak_Th P4_px 3084.83 261.531 313.183 3279.73 393.012 515.31 2878.77 321.557 408.138
1 9522 1534859680 1534874433 Weak_Th P4_px 3596.84 343.033 419.955 3520.3 432.083 570.983 3661.1 501.088 688.625
1 9529 1535119616 1535135464 Weak_Th P4_px 4518.98 488.871 622.622 4921.94 732.397 1037.99 4082.39 583.189 817.796
1 9537 1535381686 1535396399 Weak_Th P4_px 4017.23 420.601 530.735 3814.94 488.949 650.302 4250.74 676.803 995.63
1 9540 1535469298 1535484835 Weak_Th P4_px 3779.31 339.881 414.405 3934.45 494.404 656.527 3550.72 415.223 540.809
1 9547 1535724043 1535738936 Weak_Th P4_px 3566.46 325.958 397.575 3589.64 434.592 574.763 3504.33 444.758 588.982
1 9557 1536072519 1536087459 Weak_Th P4_px 3617.45 346.192 430.373 3822.28 515.515 698.638 3497.24 454.089 607.082
1 9564 1536330071 1536345239 Weak_Th P4_px 2982.64 235.523 279.576 2842.62 286.722 358.308 3178.43 376.584 490.991
1 9573 1536589116 1536604451 Weak_Th P4_px 3431.2 316.012 384.612 3159.94 361.232 466.789 3683.12 502.315 683.943
1 9579 1536781624 1536793203 Weak_Th P4_px 2713.53 245.969 295.617 2498.64 270.047 343.556 2994.86 429.159 596.806
1 9580 1536814806 1536829204 Weak_Th P4_px 2813.23 224.342 267.238 2625.74 255.734 315.566 3214.38 418.334 559.243
1 9581 1536840006 1536854018 Weak_Th P4_px 3009.98 336.176 431.001 2384.73 289.384 381.426 4518.98 958.427 1650.88
1 9585 1536934309 1536949162 Weak_Th P4_px 3009.91 331.67 425.191 2547.51 330.074 438.252 3799.71 681.996 1067.05
1 9591 1537202459 1537217312 Weak_Th P4_px 3128.5 275.83 331.338 3159.11 384.924 504.464 3054.61 357.798 459.353
1 9596 1537365507 1537380462 Weak_Th P4_px 3644.61 367.751 458.74 3547.17 456.272 617.05 3861.07 577.269 818.994
1 9602 1537538291 1537553232 Weak_Th P4_px 3874.11 400.125 502.674 4121.27 574.093 793.953 3532.49 488.728 672.81
1 9611 1537798022 1537813426 Weak_Th P4_px 3725.4 371.04 460.525 3851.93 514.788 695.214 3480.4 466.382 632.597
1 9621 1538141846 1538157186 Weak_Th P4_px 3638.1 340.708 414.647 3848.17 491.405 653.839 3412.63 434.619 571.214
1 9628 1538404957 1538420405 Weak_Th P4_px 3233.84 276.636 334.438 3029.22 314.803 403.702 3627.94 497.352 683.353
1 9631 1538575899 1538591400 Weak_Th P4_px 3134.72 262.019 314.001 3403.42 410.625 539.168 2930.31 322.207 412.02
1 9637 1538749109 1538764671 Weak_Th P4_px 3499.56 338.022 418.024 3442.74 426.558 563.094 3532.35 493.984 681.328
1 9644 1539006835 1539022181 Weak_Th P4_px 4060.09 446.597 569.521 3788.79 529.565 738.098 4321.82 674.686 977.341
1 9651 1539274724 1539289951 Weak_Th P4_px 3024.78 265.015 319.332 3045.55 355.027 462.187 2970.24 363.536 479.466
1 9667 1539871361 1539887013 Weak_Th P4_px 3772.53 390.452 488.312 3743.17 493.902 678.277 3781.04 560.276 790.136
1 9685 1540412549 1540419104 Weak_Th P4_py 4398.1 731.944 1095.27 5205 1336.83 2740.46 3844.96 744.461 1202.34
1 9686 1540419115 1540429204 Weak_Th P4_py 3405.77 370.68 472.535 5421.68 1231.64 2251.19 2639.95 295.602 373.607
1 9687 1540429215 1540443604 Weak_Th P4_py 3197.46 295.097 357.454 3524.21 522.581 736.223 2986.67 328.1 416.829
1 9688 1540443615 1540458004 Weak_Th P4_py 3583.02 365.518 457.777 3875.12 610.289 900.798 3373.39 418.481 554.41
1 9689 1540458015 1540473812 Weak_Th Combined 3666.49 366.262 458.838 4472.68 811.692 1231.21 3266.95 363.741 467.96
1 9701 1540583575 1540590767 Weak_Th P4_px 2927.53 339.345 440.453 2480.9 319.877 429.523 3884.79 798.208 1337.69
1 9702 1540590779 1540602003 Weak_Th P4_px 3083.74 303.014 374.356 2858.77 345.826 455.138 3365.54 499.559 709.977
1 9703 1540602014 1540612803 Weak_Th P4_px 3454.32 367.759 465.892 3473.08 469.447 640.822 3428 532.696 769.603
1 9704 1540612815 1540623604 Weak_Th P4_px 3696.51 444.473 575.481 3177.29 430.62 585.912 4509.83 906.174 1493.5
1 9705 1540623615 1540634403 Weak_Th P4_px 4407.32 615.712 851.403 4253.51 726.972 1093.08 4924.61 1068.76 1883.32
1 9706 1540634414 1540645203 Weak_Th P4_px 3539.17 394.284 510.691 3992.8 654.537 978.284 3127.25 429.072 593.068
1 9707 1540645214 1540647398 Weak_Th P4_px 2679.75 697.15 1190.99 8008.02 0 0 2162.39 0 0
1 9711 1540665288 1540672491 Weak_Co P4_px 3336.29 304.03 369.817 3546.27 457.999 613.69 3175.02 383.109 502.567
1 9753 1541023425 1541029546 Weak_Ra P4_px 3061.67 409.732 557.646 3255.61 570.184 882.576 2750.33 466.476 826.445
1 9754 1541029557 1541034004 Weak_Ra P4_px 3292.04 580.161 898.12 3298.13 762.121 1431.89 3231.3 752.548 1404.19
1 9755 1541034015 1541044803 Weak_Ra P4_px 3355.04 402.964 531.16 3302.34 488.915 688.333 3428.68 617.533 969.097
1 9756 1541044814 1541055602 Weak_Ra P4_px 3520.79 468.326 637.824 4141.6 788.864 1256.25 3023.78 521.02 785.913
1 9757 1541055613 1541066402 Weak_Ra P4_px 2464.41 233.834 287.992 2356.5 277.984 362.593 2678.19 389.356 546.443
1 9758 1541066413 1541077208 Weak_Ra P4_px 2415.46 213.389 258.533 2626.16 327.825 436.082 2202.74 256.995 331.423
1 9759 1541077219 1541083238 Weak_Ra P4_px 2927.06 415.354 589.97 4098.86 934.696 1707.8 2190.02 361.062 534.639
1 9809 1541452607 1541472939 Weak_Th P4_px 3391.25 273.606 325.501 3835.23 463.988 610.124 2988.11 299.944 374.731
1 9811 1541475217 1541491202 Weak_Th P4_px 3555.23 335.024 415.655 3557.93 434.956 573.866 3537.23 480.025 659.838
1 9812 1541502005 1541516770 Weak_Th P4_px 3567.74 368.076 463.024 3447.48 476.016 642.28 3656.25 518.153 717.331
1 9819 1541602788 1541620831 Weak_Th P4_px 2849.13 213.508 250.352 2632.26 244.397 298.17 3198.29 375.081 489.253
1 10012 1542812273 1542828240 Weak_Th P4_px 3387.62 312.752 376.014 3239.96 369.797 475.383 3634.54 509.977 706.239
1 10013 1542841206 1542855603 Weak_Th P4_px 3123.88 268.117 320.896 3168.8 350.197 447.318 2040.26 281.328 384.312
1 10014 1542870006 1542884402 Weak_Th P4_px 2797.3 216.942 255.594 2581.12 254.278 313.774 3046.5 352.641 456.827
1 10015 1542898806 1542913203 Weak_Th P4_px 2654.59 202.579 239.528 2728.54 291.854 367.847 2563.62 262.508 327.949
1 10016 1542927606 1542942003 Weak_Th P4_px 2592.03 197.603 231.56 2485.52 240.041 294.809 2702.51 306.757 391.574
1 10017 1542956407 1542970803 Weak_Th P4_px 2735.94 202.194 231.859 2596.82 239.499 295.588 2904.33 319.801 407.821
1 10020 1543042806 1543057203 Weak_Th P4_px 2170.68 137.48 155.16 2169.99 178.249 211.839 2166.35 201.464 245.11
1 10021 1543071606 1543086003 Weak_Th P4_px 1912.68 102.084 113.767 2008.34 150.598 176.908 1792.37 129.337 150.179
1 10022 1543100406 1543114802 Weak_Th P4_px 1884.86 103.076 117.518 1937.07 151.999 179.5 1826.06 135.096 157.394
1 10029 1543170418 1543187265 Weak_Th P4_px 1619.88 70.2861 76.6554 1462.95 78.4723 87.7711 1819.75 123.618 142.532
1 10030 1543201205 1543215603 Weak_Th P4_px 1543.57 71.7732 79.1534 1687.97 115.707 133.574 1415 86.1834 98.1303
1 10031 1543226406 1543240803 Weak_Th P4_px 1428.06 64.4839 70.6821 1424.43 87.4169 99.6519 1438.2 92.4319 105.182

