117.79  0.012144
119.90  0.015464
121.86  0.019372
123.62  0.024852
125.49  0.030898
127.36  0.038662
129.69  0.049280
132.08  0.064238
134.02  0.078582
136.24  0.098326
138.79  0.12310
140.17  0.13966
142.18  0.16672
144.67  0.20712
146.80  0.24345
149.36  0.31913
151.48  0.35403
154.32  0.48727
156.62  0.54943
159.78  0.71856
162.21  0.79711
165.29  0.95383
168.08  1.1770
170.89  1.2915
173.91  1.6048
176.82  1.8559
179.96  2.0857
182.53  2.3826
185.56  2.7530
188.48  3.1081
191.39  3.5205
194.30  3.9786
197.37  4.5417
200.06  4.8081
203.04  5.6161
205.96  6.2133
208.87  6.8825
211.78  7.6105
214.70  8.4218
217.84  9.3633
220.29  9.8794
223.44  11.214
226.35  12.298
229.26  13.460
232.18  14.735
235.09  16.115
238.25  17.610
240.68  18.670
243.83  20.610
246.75  22.154
249.66  23.856
252.57  25.681
255.49  27.605
258.40  29.377
261.31  31.209
264.23  33.859
267.14  36.014
270.05  38.471
272.97  40.910
275.88  43.481
279.02  45.598
281.46  46.934
284.62  52.431
287.53  56.175
290.24  56.297
